m = 80;
g = 9.81;

k =20000;
l0 = 1;

x0 = 0;
y0 = l0;

dx0 = 5;
dy0 = 0;

a0 = 68*pi/180

yG = 0